17.57162681053757
1
1
11.39354693335896
0.35159407514128

2
12.00913322178907
0.31656110437155

3
23.92211683843586
0.36140592424203

4
21.77495485378666
0.23921109232347

4
1
22.57209215553448
0.28457611801761

2
17.38690745699310
0.01051236493560

3
18.09979620204846
0.03005808154281

4
17.54425902717954
0.00155749855452

16
1
17.33223856763843
0.01362356744087

2
17.51015926691146
0.00349811342392

3
17.56906836545118
0.00014560092324

4
17.57053305063450
0.00006224579630

64
1
17.57827318180790
0.00037824450417

2
17.57162581516083
0.00000005664682

3
17.57162651082570
0.00000001705658

4
17.57162681394108
0.00000000019369

256
1
17.57204676224064
0.00002389942079

2
17.57162679223433
0.00000000104164

3
17.57162681048396
0.00000000000305

4
17.57162681053520
0.00000000000014

1024
1
17.57165306246745
0.00000149399541

2
17.57162681046131
0.00000000000434

3
17.57162681053488
0.00000000000015

4
17.57162681053499
0.00000000000015

4096
1
17.57162845129822
0.00000009337557

2
17.57162681053884
0.00000000000007

3
17.57162681053951
0.00000000000011

4
17.57162681053951
0.00000000000011

16384
1
17.57162691309565
0.00000000583657

2
17.57162681052679
0.00000000000061

3
17.57162681052672
0.00000000000062

4
17.57162681052672
0.00000000000062

