17.57162681053757
1
1
11.39354693335896
0.35159407514128

4
22.57209215553448
0.28457611801761

16
17.33223856763843
0.01362356744087

64
17.57827318180790
0.00037824450417

256
17.57204676224064
0.00002389942079

1024
17.57165306246745
0.00000149399541

4096
17.57162845129822
0.00000009337557

16384
17.57162691309565
0.00000000583657

2
1
12.00913322178907
0.31656110437155

4
17.38690745699310
0.01051236493560

16
17.51015926691146
0.00349811342392

64
17.57162581516083
0.00000005664682

256
17.57162679223433
0.00000000104164

1024
17.57162681046131
0.00000000000434

4096
17.57162681053884
0.00000000000007

16384
17.57162681052679
0.00000000000061

3
1
23.92211683843586
0.36140592424203

4
18.09979620204846
0.03005808154281

16
17.56906836545118
0.00014560092324

64
17.57162651082570
0.00000001705658

256
17.57162681048396
0.00000000000305

1024
17.57162681053488
0.00000000000015

4096
17.57162681053951
0.00000000000011

16384
17.57162681052672
0.00000000000062

4
1
21.77495485378666
0.23921109232347

4
17.54425902717954
0.00155749855452

16
17.57053305063450
0.00006224579630

64
17.57162681394108
0.00000000019369

256
17.57162681053520
0.00000000000014

1024
17.57162681053499
0.00000000000015

4096
17.57162681053951
0.00000000000011

16384
17.57162681052672
0.00000000000062

